{
  "runtime_data": [],
  "static_data": {
    "N": 10,
    "P": [
      [
        2.1504670996036586,
        2.0461622724826954e-10,
        7.021027172263781e-11,
        6.30786880170029e-10,
        2.213636188680223,
        7.301745786207579e-10,
        1.1290134908491625,
        -2.387009603160528e-10,
        -7.75875319538154e-11,
        2.837067804092801e-10,
        0.06208978488905419,
        -2.742237172926071e-11
      ],
      [
        2.0461622724826954e-10,
        2.277536998733186,
        -1.5753718656906477e-10,
        -2.673868537616744,
        5.025497283986446e-10,
        2.174879218058034e-10,
        4.336048101098564e-10,
        1.2451264326162559,
        -1.8105280881901523e-11,
        -0.07545481403544861,
        8.203940757329925e-11,
        -2.673076483179015e-12
      ],
      [
        7.021027172263781e-11,
        -1.5753718656906477e-10,
        2.1077042557914414,
        3.811546450373799e-10,
        1.6486805045457136e-10,
        1.4707592731096313e-09,
        4.093293370346228e-11,
        -1.2979481351061325e-10,
        0.7397382971474572,
        5.42223744346657e-11,
        3.146739179996007e-11,
        3.98391309133157e-11
      ],
      [
        6.30786880170029e-10,
        -2.673868537616744,
        3.811546450373799e-10,
        12.30518420002777,
        3.7649387332804436e-09,
        -6.933406616256805e-10,
        7.005944214177643e-10,
        -3.3999256646991354,
        1.1833175115655983e-10,
        0.681631639911234,
        8.265653514023833e-10,
        -1.067290720783798e-10
      ],
      [
        2.213636188680223,
        5.025497283986446e-10,
        1.6486805045457136e-10,
        3.7649387332804436e-09,
        10.515585384130155,
        2.404697418050227e-09,
        2.9320368530992673,
        -7.375464364595963e-10,
        -7.464452060200682e-12,
        1.0848424961831092e-09,
        0.4916877687326576,
        3.5035219737046347e-10
      ],
      [
        7.301745786207579e-10,
        2.174879218058034e-10,
        1.4707592731096313e-09,
        -6.933406616256805e-10,
        2.404697418050227e-09,
        5.247353447506389,
        7.827235933333378e-10,
        1.929026574161692e-10,
        1.0942564399277375e-09,
        -8.256546475737545e-11,
        2.809564784611901e-10,
        0.22832880132078343
      ],
      [
        1.1290134908491625,
        4.336048101098564e-10,
        4.093293370346228e-11,
        7.005944214177643e-10,
        2.9320368530992673,
        7.827235933333378e-10,
        1.3887502852052762,
        3.1814139088922616e-11,
        -2.55170873591004e-11,
        3.282176338905203e-10,
        0.13238897585429416,
        7.273423596206583e-11
      ],
      [
        -2.387009603160528e-10,
        1.2451264326162559,
        -1.2979481351061325e-10,
        -3.3999256646991354,
        -7.375464364595963e-10,
        1.929026574161692e-10,
        3.1814139088922616e-11,
        1.491113616700438,
        -3.489388268285599e-11,
        -0.16719251154877549,
        -1.0103126108701432e-10,
        2.2410474560961766e-11
      ],
      [
        -7.75875319538154e-11,
        -1.8105280881901523e-11,
        0.7397382971474572,
        1.1833175115655983e-10,
        -7.464452060200682e-12,
        1.0942564399277375e-09,
        -2.55170873591004e-11,
        -3.489388268285599e-11,
        0.7368337216420914,
        3.1465713411954016e-11,
        2.8750129885833435e-11,
        -1.577821794951569e-11
      ],
      [
        2.837067804092801e-10,
        -0.07545481403544861,
        5.42223744346657e-11,
        0.681631639911234,
        1.0848424961831092e-09,
        -8.256546475737545e-11,
        3.282176338905203e-10,
        -0.16719251154877549,
        3.1465713411954016e-11,
        0.1319089193542568,
        1.7487842542597494e-10,
        -3.0545800823174777e-11
      ],
      [
        0.06208978488905419,
        8.203940757329925e-11,
        3.146739179996007e-11,
        8.265653514023833e-10,
        0.4916877687326576,
        2.809564784611901e-10,
        0.13238897585429416,
        -1.0103126108701432e-10,
        2.8750129885833435e-11,
        1.7487842542597494e-10,
        0.09198382176212218,
        9.407079505348226e-11
      ],
      [
        -2.742237172926071e-11,
        -2.673076483179015e-12,
        3.98391309133157e-11,
        -1.067290720783798e-10,
        3.5035219737046347e-10,
        0.22832880132078343,
        7.273423596206583e-11,
        2.2410474560961766e-11,
        -1.577821794951569e-11,
        -3.0545800823174777e-11,
        9.407079505348226e-11,
        0.12016683166289746
      ]
    ],
    "P_delta": [
      [
        1.3892084323026468,
        1.221747215306626e-10,
        4.964092272473873e-11,
        -1.4229253809818928e-09,
        2.331455913624246,
        -1.7521762589518642e-10,
        1.0178625870877196,
        3.4265095543213587e-10,
        -6.861214343714905e-13,
        4.004573357707577e-10,
        0.2216355439617007,
        6.856355087115613e-12
      ],
      [
        1.221747215306473e-10,
        1.2961893948745367,
        3.6721947696496974e-11,
        -2.086840905179128,
        5.5064064518839264e-11,
        2.7596413861222172e-11,
        -3.680419675968709e-11,
        0.920092159885288,
        4.935810338290415e-12,
        -0.19337016314826444,
        -7.275855488240792e-11,
        3.4961380319790206e-11
      ],
      [
        4.964092272474172e-11,
        3.672194769649876e-11,
        3.0626836332521266,
        -2.15484147714992e-10,
        2.3005734598058386e-10,
        2.0092966353407646e-09,
        2.367431653512298e-11,
        8.269124862322205e-11,
        1.1779492031209235,
        -9.594576608259432e-11,
        5.178962183015965e-13,
        7.110666691511044e-10
      ],
      [
        -1.4229253809819156e-09,
        -2.086840905179138,
        -2.1548414771499226e-10,
        6.1764954445233275,
        -4.5774789281266e-09,
        1.627536000137929e-10,
        -1.4119607196144506e-09,
        -1.989533691585944,
        -1.0840298121552827e-10,
        0.6545540317537745,
        -2.4416538906474176e-10,
        -4.003608542315083e-11
      ],
      [
        2.331455913624279,
        5.50640645188732e-11,
        2.3005734598057758e-10,
        -4.577478928126576e-09,
        7.097294459160424,
        -1.034710440645711e-09,
        2.2729220812349635,
        3.5678104379618967e-10,
        8.440950084573304e-11,
        8.312441137460834e-10,
        0.75810511302889,
        -7.56822346658769e-11
      ],
      [
        -1.7521762589519847e-10,
        2.7596413861221222e-11,
        2.0092966353407625e-09,
        1.6275360001379305e-10,
        -1.0347104406457054e-09,
        9.544757816938638,
        -2.437558065622594e-10,
        -1.1859264148544502e-10,
        1.5055768233225672e-09,
        1.3008148919088173e-10,
        -6.9188386732568e-10,
        1.5567877257766487
      ],
      [
        1.0178625870877442,
        -3.6804196759659103e-11,
        2.367431653512193e-11,
        -1.4119607196145097e-09,
        2.2729220812349986,
        -2.4375580656226906e-10,
        0.9300115787965684,
        1.8069233921999081e-10,
        -1.2349465114334457e-13,
        3.861496982117823e-10,
        0.2322835823431038,
        -1.4880588183330732e-11
      ],
      [
        3.4265095543214543e-10,
        0.9200921598852951,
        8.269124862322199e-11,
        -1.9895336915859538,
        3.567810437962174e-10,
        -1.1859264148544663e-10,
        1.8069233921998298e-10,
        0.8267877254113992,
        2.971362820660431e-11,
        -0.20086060506286119,
        -5.95661971985067e-12,
        1.7027054869056615e-11
      ],
      [
        -6.861214343741473e-13,
        4.9358103382898225e-12,
        1.1779492031209227,
        -1.0840298121552545e-10,
        8.44095008457249e-11,
        1.5055768233225661e-09,
        -1.234946511463363e-13,
        2.971362820660321e-11,
        0.9044838019383613,
        -5.315977159287715e-11,
        9.556333599337474e-12,
        5.161325449899475e-10
      ],
      [
        4.0045733577076943e-10,
        -0.1933701631482595,
        -9.594576608259158e-11,
        0.6545540317537586,
        8.31244113746105e-10,
        1.3008148919087914e-10,
        3.8614969821178897e-10,
        -0.2008606050628547,
        -5.3159771592876267e-11,
        0.11834982525006099,
        4.6550777916364324e-11,
        1.8256115784700878e-11
      ],
      [
        0.22163554396169574,
        -7.275855488241408e-11,
        5.178962183007193e-13,
        -2.4416538906470056e-10,
        0.758105113028867,
        -6.918838673256744e-10,
        0.23228358234309227,
        -5.956619719863037e-12,
        9.556333599338185e-12,
        4.6550777916362224e-11,
        0.1387068101749608,
        -1.3738595251335663e-10
      ],
      [
        6.85635508711405e-12,
        3.496138031978986e-11,
        7.11066669151103e-10,
        -4.003608542315011e-11,
        -7.568223466587623e-11,
        1.5567877257766476,
        -1.4880588183329643e-11,
        1.7027054869056512e-11,
        5.161325449899471e-10,
        1.8256115784701182e-11,
        -1.3738595251335722e-10,
        0.47220955504113404
      ]
    ],
    "Q": [
      [
        1.0,
        0.0,
        0.0,
        0.0,
        0.0,
        0.0,
        0.0,
        0.0,
        0.0,
        0.0,
        0.0,
        0.0
      ],
      [
        0.0,
        1.0,
        0.0,
        0.0,
        0.0,
        0.0,
        0.0,
        0.0,
        0.0,
        0.0,
        0.0,
        0.0
      ],
      [
        0.0,
        0.0,
        1.0,
        0.0,
        0.0,
        0.0,
        0.0,
        0.0,
        0.0,
        0.0,
        0.0,
        0.0
      ],
      [
        0.0,
        0.0,
        0.0,
        1.0,
        0.0,
        0.0,
        0.0,
        0.0,
        0.0,
        0.0,
        0.0,
        0.0
      ],
      [
        0.0,
        0.0,
        0.0,
        0.0,
        1.0,
        0.0,
        0.0,
        0.0,
        0.0,
        0.0,
        0.0,
        0.0
      ],
      [
        0.0,
        0.0,
        0.0,
        0.0,
        0.0,
        1.0,
        0.0,
        0.0,
        0.0,
        0.0,
        0.0,
        0.0
      ],
      [
        0.0,
        0.0,
        0.0,
        0.0,
        0.0,
        0.0,
        1.0,
        0.0,
        0.0,
        0.0,
        0.0,
        0.0
      ],
      [
        0.0,
        0.0,
        0.0,
        0.0,
        0.0,
        0.0,
        0.0,
        1.0,
        0.0,
        0.0,
        0.0,
        0.0
      ],
      [
        0.0,
        0.0,
        0.0,
        0.0,
        0.0,
        0.0,
        0.0,
        0.0,
        1.0,
        0.0,
        0.0,
        0.0
      ],
      [
        0.0,
        0.0,
        0.0,
        0.0,
        0.0,
        0.0,
        0.0,
        0.0,
        0.0,
        1.0,
        0.0,
        0.0
      ],
      [
        0.0,
        0.0,
        0.0,
        0.0,
        0.0,
        0.0,
        0.0,
        0.0,
        0.0,
        0.0,
        1.0,
        0.0
      ],
      [
        0.0,
        0.0,
        0.0,
        0.0,
        0.0,
        0.0,
        0.0,
        0.0,
        0.0,
        0.0,
        0.0,
        1.0
      ]
    ],
    "R": [
      [
        1.0,
        0.0,
        0.0,
        0.0
      ],
      [
        0.0,
        1.0,
        0.0,
        0.0
      ],
      [
        0.0,
        0.0,
        1.0,
        0.0
      ],
      [
        0.0,
        0.0,
        0.0,
        1.0
      ]
    ],
    "alpha": 0.00614192401734277,
    "c_o": 1.9753273658026607,
    "dt": 0.01,
    "epsilon": 0.0034509701874657953,
    "rho_c": 12.52126126126126,
    "robot_radius": 0.1385,
    "s_pred": [
      0.0,
      0.0003167002599337292,
      0.000596127842228587,
      0.0008426693946841734,
      0.0010601952974172528,
      0.0012521204227705749,
      0.0014214577443450456,
      0.0015708656367469731,
      0.001702689608594602,
      0.0018189991239375843,
      0.001921620090137539
    ],
    "steps": 1.0,
    "stepsize": 0.01,
    "tightening_pred_data": [
      0.006816795849870324,
      0.0074423825400742345,
      0.007994343490141342,
      0.008481343765514335,
      0.008911028633953913,
      0.009290143586249437,
      0.009624640231607215,
      0.00991976973013564,
      0.010180165229195064,
      0.0104099145977553,
      0.01061262460059518
    ],
    "w_bar_c": 0.033694135945881186,
    "w_bias": [
      0.0001853465888374613,
      0.00010219825156763214,
      -1.6227113901117344e-06,
      0.00016268188002280037,
      5.815882616934159e-05,
      7.766714577384033e-06,
      9.218229856944879e-05,
      -6.504646659114249e-05,
      -8.933081152517517e-06,
      -0.00023765952055260046,
      0.00039578349461939256,
      5.2401140014066125e-06
    ]
  }
}
